300 100 100 700 820 50 50 250 250 300 750 250 780 400 100 700

50 450 700 800 180 -20 180 700 400 700 400 600 300 600 300 200 700 800 700 800

350 450 700 50 250 550 250 300 450 300 450 600 150 600 150 200 600 200 600 750 50 750 50 50 700 50

380 425 700 800 -20 50 700 50 700 800

250 400 600 500 820 850 120 850 120 30 600 500

565 400 450 250 300 920 300 50 750 100 750 700 380 650 380 150 680 150 680 600 450 600 450 250

400 530 600 200 200 -20 200 860 600 860 600 200

600 400 760 860 820 40 40 40 40 200 400 200 400 600 40 600 40 860 760 860

300 300 403 441 20 -20 20 740 663 740 663 141 120 144 120 625 403 441

200 400 780 720 820 20 300 20 690 400 300 720 780 720
